14.0
14.0
14.0
14.0
14.0
14.0
14.0
14.0
14.0
14.0
14.0
14.0
14.0
14.0
14.0
14.0
14.0
14.0
14.0
14.0
14.0
14.0
14.0
14.0
14.0
14.0
14.0
14.0
14.0
14.0
14.0
14.0
14.0
14.0
14.0
14.0
14.0
14.0
14.0
14.0
14.0
14.0
14.0
14.0
14.0
14.0
14.0
14.0
12.0
12.0
12.0
12.0
12.0
12.0
12.0
12.0
12.0
12.0
12.0
12.67
12.67
12.67
12.67
12.67
12.67
12.67
12.67
12.67
12.67
12.67
12.67
12.67
12.67
12.67
12.67
12.5
12.5
12.5
12.5
12.5
12.5
12.5
12.5
14.0
14.0
14.0
11.65
11.65
11.65
11.65
11.65
11.65
11.65
11.65
11.65
11.65
11.65
11.65
11.65
11.65
11.65
11.65
11.65
11.65
11.65
11.65
11.65
11.65
11.65
11.65
11.65
11.65
11.65
11.65
11.65
11.65
11.65
11.65
11.65
11.65
11.65
11.65
11.65
11.65
11.65
11.65
11.65
11.65
11.65
11.65
11.65
11.65
11.65
11.65
11.65
11.65
11.65
11.65
11.65
11.65
11.65
11.65
11.65
11.65
11.65
11.65
11.65
11.65
11.65
11.65
11.65
11.65
11.65
11.65
11.65
11.65
11.65
13.0
13.0
13.0
13.0
13.0
13.0
13.0
13.0
13.0
13.0
13.0
13.0
13.0
13.0
13.0
13.0
13.0
13.0
11.4
11.4
11.4
11.4
11.4
11.4
11.4
11.4
11.4
11.4
11.4
11.4
11.4
11.4
11.4
11.4
11.4
11.4
11.4
11.4
11.4
11.4
11.4
11.4
11.4
11.4
11.4
11.4
11.4
11.4
11.4
11.4
11.4
11.4
11.4
11.4
11.4
11.4
11.4
11.4
11.4
11.4
11.4
11.4
11.4
11.4
11.4
11.4
11.4
11.4
11.4
11.4
11.4
11.4
11.4
11.4
11.4
11.4
11.4
11.4
11.4
11.4
11.4
11.4
11.4
11.4
11.4
11.4
11.4
11.4
11.4
11.4
11.4
13.0
13.0
13.0
13.0
13.0
13.0
13.0
13.0
13.0
13.0
13.0
13.0
13.0
13.0
13.0
13.0
13.0
13.0
13.0
13.0
13.0
13.0
13.0
13.0
13.0
13.0
13.0
13.0
13.0
13.0
13.0
13.0
13.0
13.0
13.0
13.0
13.0
13.0
13.0
13.0
13.0
13.0
13.0
13.0
13.0
13.0
13.0
13.0
13.0
13.0
13.0
13.0
13.0
13.0
13.0
13.0
13.0
13.0
13.0
13.0
13.0
13.0
13.0
13.0
13.0
13.0
13.0
13.0
13.0
13.0
13.0
13.0
13.0
13.0
13.0
13.0
13.0
13.0
13.0
13.0
13.0
13.0
13.0
13.0
13.0
13.0
13.0
13.0
13.0
13.0
13.0
13.0
13.0
13.0
13.0
13.0
13.0
13.0
13.0
13.0
13.0
13.0
13.0
14.0
14.0
14.0
14.0
14.0
14.0
14.0
14.0
14.0
14.0
14.0
14.0
14.0
14.0
14.0
14.0
14.0
14.0
10.0
10.0
10.0
10.0
10.0
10.0
1.05
1.05
1.05
1.05
1.05
1.05
1.05
1.05
1.05
1.05
2.0
2.0
2.0
2.0
2.0
2.0
2.0
2.0
2.0
0.15
0.15
0.15
0.15
0.15
0.15
0.15
0.15
0.15
0.15
0.15
0.15
0.15
0.15
0.15
0.15
0.15
0.15
0.15
0.15
0.15
0.15
0.15
0.15
0.15
0.15
0.15
0.15
0.15
0.15
0.15
0.15
0.15
0.15
0.15
0.15
0.15
0.15
0.15
0.15
0.15
0.15
0.15
0.15
0.15
0.15
0.15
0.15
0.15
0.15
0.15
0.15
0.15
0.15
0.15
0.15
0.15
0.15
0.15
0.15
0.15
0.15
0.15
0.15
0.15
0.15
0.15
0.15
0.15
0.15
0.15
0.15
0.15
0.15
1.6
1.6
1.6
1.6
1.6
3.2
3.2
3.2
3.2
3.2
3.2
3.2
3.2
3.2
3.2
3.2
3.2
3.2
3.2
3.2
3.2
3.2
3.2
3.2
3.2
3.2
3.2
3.2
2.5
2.5
2.5
2.5
2.5
2.5
2.5
2.5
2.5
2.5
2.5
2.5
2.5
2.5
2.5
2.5
2.5
2.5
2.5
2.5
2.5
2.5
2.5
2.5
2.5
2.5
2.5
2.5
2.5
5.0
5.0
5.0
5.0
5.0
5.0
5.0
5.0
5.0
5.0
5.0
5.0
5.0
5.0
5.0
5.0
5.0
5.0
5.0
5.0
5.0
5.0
5.0
5.0
5.0
5.0
5.0
5.0
