66
152
217
238
239
350
351
374
376
467
468
480
481
482
504
505
506
507
564
565
589
611
614
664
677
681
695
696
698
710
711
759
766
767
786
794
823
824
831
832
848
854
856
865
866
903
911
961
962
963
964
971
1051
1054
1056
1078
1122
1141
1145
1254
1258
1279
1280
1281
1351
1352
1353
1354
1383
1384
1402
1505
1522
1545
1546
1561
1566
1618
1659
1668
1717
1733
1734
1735
1750
1758
1802
1803
1818
1820
1851
1853
1924
1925
2128
2129
2130
2131
2189
2225
2226
2234
2235
2366
2367
2368
2393
2447
2448
2449
2450
2451
2510
2557
2623
2654
2714
2715
2744
2745
2795
2800
2870
2871
2898
2990
2992
2994
3027
3180
3181
3199
3200
3217
3335
3339
3365
3478
3486
3552
3553
3594
3595
3596
3638
3639
3640
3641
3642
3648
3717
3718
3751
3752
3758
3824
3825
3826
