./4259_Pleaides/aspcapStar-v304-2m03403073+2429143.fits Pleiades    4.06 4927.0  5458. 4.43   4.59   -0.11  0.03  0.00 -0.21  0.02 -0.07  288.6  0.000  9.660  0.000   0.0 0.000
./4259_Pleaides/aspcapStar-v304-2m03405126+2335544.fits Pleiades    5.42 4557.4  4956. 4.42   4.64    0.01  0.03   0.00 -0.20  0.05 -0.06  154.5  0.000 10.210  0.000   0.0 0.000
./4259_Pleaides/aspcapStar-v304-2m03413958+2345471.fits Pleiades    4.72 3714.1  4326. 4.23   4.68   -0.13  0.03  0.00  0.04 -0.59 -0.06  139.9  0.000 11.040  0.000   0.0 0.000
./4259_Pleaides/aspcapStar-v304-2m03415366+2327287.fits Pleiades    6.46 3818.9  4369. 4.40   4.68   -0.05  0.03   0.00  0.05 -0.88 -0.08  180.3  0.000 10.390  0.000   0.0 0.000
./4259_Pleaides/aspcapStar-v304-2m03415868+2342263.fits Pleiades    5.58 3707.2  4211. 4.30   4.68   -0.01  0.03   0.00  0.05 -0.85 -0.07  141.0  0.000 11.030  0.000   0.0 0.000
./4259_Pleaides/aspcapStar-v304-2m03420383+2442454.fits Pleiades    5.11 3878.0  4364. 4.53   4.68    0.05  0.03   0.00  0.05 -0.80 -0.08  243.0 10.740 10.100  9.916   0.0 0.000
./4259_Pleaides/aspcapStar-v304-2m03422154+2439527.fits Pleiades    4.87 3873.7  4224. 4.65   4.68    0.03  0.03   0.00  0.03 -0.43 -0.05  155.7  0.000 10.930  0.000   0.0 0.000
./4259_Pleaides/aspcapStar-v304-2m03422760+2502492.fits Pleiades    5.81 4667.4  4870. 4.56   4.65    0.03  0.03   0.00 -0.24  0.13 -0.08  243.4  0.000 10.200  0.000   0.0 0.000
./4259_Pleaides/aspcapStar-v304-2m03424189+2411583.fits Pleiades    4.90 3676.1  4375. 4.28   4.68   -0.13  0.03  0.00  0.05 -0.99 -0.12  140.9 11.331 10.730 10.471   0.0 0.000
./4259_Pleaides/aspcapStar-v304-2m03432662+2459395.fits Pleiades    5.78 4547.3  4967. 4.45   4.64   -0.08  0.03    0.00 -0.22  0.07 -0.09  265.7 10.477  9.960  9.795   0.0 0.000
./4259_Pleaides/aspcapStar-v304-2m03433660+2327141.fits Pleiades    5.41 3884.1  4192. 4.64   4.69    0.04  0.03   0.00  0.05 -0.66 -0.07  152.6  0.000 10.870  0.000   0.0 0.000
./4259_Pleaides/aspcapStar-v304-2m03433692+2423382.fits Pleiades    5.57 3962.7  4363. 4.83   4.68    0.09  0.03   0.00  0.05 -0.94 -0.11  203.0 11.516 10.800 10.650   0.0 0.000
./4259_Pleaides/aspcapStar-v304-2m03434796+2503115.fits Pleiades    5.30 3734.0  4362. 4.33   4.68   -0.08  0.03    0.00  0.05 -0.72 -0.07  159.0 11.695 10.980 10.832   0.0 0.000
./4259_Pleaides/aspcapStar-v304-2m03434860+2332218.fits Pleiades    5.94 4051.7  4314. 4.31   4.68   -0.08  0.03    0.00  0.04 -0.57 -0.08  180.7 11.430 10.750 10.586   0.0 0.000
./4259_Pleaides/aspcapStar-v304-2m03435214+2450297.fits Pleiades    4.58 3870.9  4355. 4.51   4.68    0.01  0.03   0.00  0.05 -0.72 -0.07  182.0  0.000 10.880  0.000   0.0 0.000
./4259_Pleaides/aspcapStar-v304-2m03435569+2425350.fits Pleiades    4.99 3831.9  4437. 4.55   4.68    0.02  0.03    0.00  0.04 -0.48 -0.05  195.8 11.487 10.820 10.643   0.0 0.000
./4259_Pleaides/aspcapStar-v304-2m03440509+2529017.fits Pleiades    5.38 4667.9  5148. 4.54   4.62   -0.06  0.03   0.00 -0.24  0.17 -0.08  224.7 10.605 10.090 10.007   0.0 0.000
./4259_Pleaides/aspcapStar-v304-2m03442628+2435229.fits Pleiades    5.42 4716.5  5383. 4.82    4.6   -0.21  0.03  0.00 -0.25  0.23 -0.09  404.3  0.000  9.390  0.000   0.0 0.000
./4259_Pleaides/aspcapStar-v304-2m03442801+2410176.fits Pleiades    3.71 3850.3  5144. 4.40   4.62   -0.07  0.03   0.00  0.05 -0.92 -0.11  236.5  0.000 10.150  0.000   0.0 0.000
./4259_Pleaides/aspcapStar-v304-2m03443541+2400049.fits Pleiades    6.15 3880.0  4988. 4.31   4.64   -0.02  0.03   0.00 -0.22 -0.28 -0.26  172.4  0.000 10.850  0.000   0.0 0.000
./4259_Pleaides/aspcapStar-v304-2m03443742+2508161.fits Pleiades    5.70 4165.5  4655. 4.32   4.67   -0.06  0.03   0.00  0.04 -0.67 -0.11  193.5  0.000 10.390  0.000   0.0 0.000
./4259_Pleaides/aspcapStar-v304-2m03445017+2454401.fits Pleiades    5.80 4011.0  4603. 4.37   4.67   -0.07  0.03   0.00  0.05 -0.89 -0.10  200.1  0.000 10.390  0.000   0.0 0.000
./4259_Pleaides/aspcapStar-v304-2m03445896+2323202.fits Pleiades    5.77 3912.5  4498. 4.37   4.67   -0.04  0.03   0.00  0.05 -0.67 -0.08  198.7  0.000 10.390  0.000   0.0 0.000
./4259_Pleaides/aspcapStar-v304-2m03451199+2435102.fits Pleiades    6.40 3972.8  4369. 4.43   4.68   -0.06  0.03   0.00  0.05 -0.73 -0.09  214.0  0.000 10.760  0.000   0.0 0.000
./4259_Pleaides/aspcapStar-v304-2m03452219+2328182.fits Pleiades    5.62 4732.8  5243. 4.40   4.61   -0.03  0.03   0.00 -0.20  0.03 -0.07  286.3 10.471  9.960  9.848   0.0 0.000
./4259_Pleaides/aspcapStar-v304-2m03452349+2451029.fits Pleiades    3.73 3606.9  4291. 4.89   4.68    0.17  0.03    0.00 -0.23  0.19 -0.27  139.3 11.922 11.210 11.042   0.0 0.000
./4259_Pleaides/aspcapStar-v304-2m03452957+2345379.fits Pleiades    6.09 4492.1  6833. 4.42   4.33   -0.01  0.03   0.00 -0.23  0.13 -0.09  213.8 11.063 10.400 10.251   0.0 0.000
./4259_Pleaides/aspcapStar-v304-2m03453022+2418455.fits Pleiades    5.19 3626.1  4669. 4.81   4.67    0.07  0.03   0.00  0.04  0.12 -0.06  137.1  0.000 11.350  0.000   0.0 0.000
./4259_Pleaides/aspcapStar-v304-2m03453903+2513279.fits Pleiades    5.12 3581.6  4099. 4.53   4.69    0.14  0.03   0.00 -0.24 -0.16 -0.26  133.6  0.000 11.120  0.000   0.0 0.000
./4259_Pleaides/aspcapStar-v304-2m03453941+2345154.fits Pleiades    7.18 4027.7  7680. 4.82   4.31   -0.30  0.03  0.00  0.04 -0.90 -0.16  405.9  0.000  9.220  0.000   0.0 0.000
./4259_Pleaides/aspcapStar-v304-2m03454245+2503255.fits Pleiades    5.08 4080.2  4532. 4.59   4.67   -0.09  0.03  0.00  0.04 -0.81 -0.13  181.4  0.000 10.650  0.000   0.0 0.000
./4259_Pleaides/aspcapStar-v304-2m03454407+2404268.fits Pleiades    5.37 3853.6  4550. 4.52   4.67    0.03  0.03   0.00  0.04 -0.61 -0.06  143.5 11.533 10.830 10.662   0.0 0.000
./4259_Pleaides/aspcapStar-v304-2m03454894+2351103.fits Pleiades    6.17 3859.1  7233. 4.24   4.31   -0.08  0.03    0.00  0.05 -0.76 -0.08  194.0  0.000 10.850  0.000   0.0 0.000
./4259_Pleaides/aspcapStar-v304-2m03455048+2352262.fits Pleiades    4.83 4521.3  6936. 4.36   4.32   -0.05  0.03   0.00 -0.24  0.12 -0.08  222.4 11.020 10.400 10.219   0.0 0.000
./4259_Pleaides/aspcapStar-v304-2m03460381+2527108.fits Pleiades    4.54 3857.2  4228. 4.46   4.68   -0.03  0.03    0.00  0.04 -0.58 -0.07  141.0 11.644 10.980 10.770   0.0 0.000
./4259_Pleaides/aspcapStar-v304-2m03460525+2258540.fits Pleiades    7.03 3979.4  4290. 4.40   4.68   -0.08  0.03    0.00  0.03 -0.34 -0.08  177.1  0.000 10.650  0.000   0.0 0.000
./4259_Pleaides/aspcapStar-v304-2m03460649+2434027.fits Pleiades    5.39 4608.4  4949. 4.54   4.64   -0.00  0.03   0.00 -0.24  0.13 -0.08  288.3 10.793 10.240 10.113   0.0 0.000
./4259_Pleaides/aspcapStar-v304-2m03460652+2350204.fits Pleiades    5.38 3847.9  6699. 4.66   4.35    0.04  0.03   0.00  0.03 -0.38 -0.05  159.6  0.000 11.150  0.000   0.0 0.000
./4259_Pleaides/aspcapStar-v304-2m03460750+2422278.fits Pleiades    5.05 3715.3  4685. 4.43   4.67   -0.04  0.03   0.00  0.05 -0.59 -0.06  171.0 11.754 11.040 10.891   0.0 0.000
./4259_Pleaides/aspcapStar-v304-2m03460777+2452005.fits Pleiades    7.53 4718.3  4757. 4.71   4.66   -0.17  0.03  0.00 -0.24  0.12 -0.13  350.7  0.000  9.520  0.000   0.0 0.000
./4259_Pleaides/aspcapStar-v304-2m03460989+2440251.fits Pleiades    5.64 3538.2  4349. 4.79   4.68   -0.00  0.03   0.00  0.07 -0.64 -0.08  178.0  0.000 10.850  0.000   0.0 0.000
./4259_Pleaides/aspcapStar-v304-2m03461175+2437203.fits Pleiades    6.99 5226.9  5577. 4.72   4.57   -0.02  0.03   0.00 -0.12  0.04 -0.07  350.1  0.000  9.630  0.000   0.0 0.000
./4259_Pleaides/aspcapStar-v304-2m03461287+2403158.fits Pleiades    5.51 3928.8  4599. 4.76   4.67    0.08  0.03   0.00  0.05 -0.95 -0.10  189.6  0.000 10.790  0.000   0.0 0.000
./4259_Pleaides/aspcapStar-v304-2m03462047+2447077.fits Pleiades    5.32 3953.5  4489. 4.43   4.67   -0.03  0.03   0.00  0.04 -0.63 -0.08  193.1 11.298 10.690 10.498   0.0 0.000
./4259_Pleaides/aspcapStar-v304-2m03462778+2335337.fits Pleiades    6.01 4484.3  5896. 4.32   4.51   -0.15  0.03  0.00 -0.24  0.08 -0.07  291.8  0.000 10.010  0.000   0.0 0.000
./4259_Pleaides/aspcapStar-v304-2m03462863+2445324.fits Pleiades    5.02 3914.1  4418. 4.36   4.68   -0.04  0.03   0.00  0.04 -0.57 -0.07  202.7  0.000 10.820  0.000   0.0 0.000
./4259_Pleaides/aspcapStar-v304-2m03463118+2407025.fits Pleiades    4.08 3722.6  4452. 4.30   4.67   -0.10  0.03  0.00  0.06 -0.95 -0.09  198.4  0.000 10.650  0.000   0.0 0.000
./4259_Pleaides/aspcapStar-v304-2m03463288+2318192.fits Pleiades    6.22 3719.7  4340. 4.62   4.68    0.13  0.03    0.00 -0.24  0.05 -0.22  170.4  0.000 10.960  0.000   0.0 0.000
./4259_Pleaides/aspcapStar-v304-2m03463533+2324422.fits Pleiades    6.63 3918.9  4402. 4.83   4.68    0.06  0.03   0.00  0.06 -0.89 -0.09  174.7  0.000 10.970  0.000   0.0 0.000
./4259_Pleaides/aspcapStar-v304-2m03463591+2358013.fits Pleiades    5.08 3790.0  4614. 4.34   4.67   -0.03  0.03   0.00  0.05 -0.71 -0.08  166.9  0.000 10.830  0.000   0.0 0.000
./4259_Pleaides/aspcapStar-v304-2m03463727+2420367.fits Pleiades    5.46 4398.2  4765. 4.444  4.66   -0.08  0.03    0.00  0.01 -0.18 -0.05  348.4  0.000  9.520  0.000   0.0 0.000
./4259_Pleaides/aspcapStar-v304-2m03463777+2444517.fits Pleiades    5.55 4986.5  5412. 4.53   4.59    0.02  0.03    0.00 -0.17 -0.00 -0.06  346.1 10.217  9.780  9.669   0.0 0.000
./4259_Pleaides/aspcapStar-v304-2m03463888+2431132.fits Pleiades    4.73 4330.1  4731. 4.48   4.67   -0.02  0.03   0.00  0.02 -0.33 -0.05  242.8  0.000 10.480  0.000   0.0 0.000
./4259_Pleaides/aspcapStar-v304-2m03463939+2401469.fits Pleiades    5.77 4650.3  5372. 4.42    4.6   -0.02  0.03   0.00 -0.23  0.10 -0.07  246.4  0.000  9.990  0.000   0.0 0.000
./4259_Pleaides/aspcapStar-v304-2m03464027+2455517.fits Pleiades    5.19 3880.1  4293. 4.43   4.68   -0.10  0.03  0.00  0.04 -0.48 -0.09  235.6  0.000 10.560  0.000   0.0 0.000
./4259_Pleaides/aspcapStar-v304-2m03464831+2418060.fits Pleiades    2.81 3971.3  4339. 4.59   4.68    0.01  0.03   0.00  0.05 -0.81 -0.10  106.5 12.567 11.920 11.719   0.0 0.000
./4259_Pleaides/aspcapStar-v304-2m03464921+2436001.fits Pleiades    5.93 3676.3  4292. 4.57   4.68    0.01  0.03   0.00  0.02 -0.20 -0.03  169.8  0.000 11.200  0.000   0.0 0.000
./4259_Pleaides/aspcapStar-v304-2m03465709+2315024.fits Pleiades    5.18 3574.8  4242. 4.75   4.68   -0.01  0.03   0.00  0.07 -0.88 -0.10  152.6  0.000 11.350  0.000   0.0 0.000
./4259_Pleaides/aspcapStar-v304-2m03470678+2342546.fits Pleiades    6.54 4857.2  5719. 4.48   4.55    0.03  0.03   0.00 -0.17  0.01 -0.07  249.2 10.421  9.990  9.839   0.0 0.000
./4259_Pleaides/aspcapStar-v304-2m03471353+2342515.fits Pleiades    6.55 4658.4  5398. 4.45    4.6   -0.01  0.03   0.00 -0.24  0.07 -0.07  259.2  0.000 10.150  0.000   0.0 0.000
./4259_Pleaides/aspcapStar-v304-2m03471481+2522186.fits Pleiades    5.53 4888.5  5348. 4.60    4.6   -0.10  0.03  0.00 -0.23  0.06 -0.07  317.0  0.000  9.520  0.000   0.0 0.000
./4259_Pleaides/aspcapStar-v304-2m03471806+2423268.fits Pleiades    8.03 4079.4  4534. 4.59   4.67   -0.09  0.03  0.00  0.04 -0.68 -0.14  319.9  0.000  9.830  0.000   0.0 0.000
./4259_Pleaides/aspcapStar-v304-2m03471814+2402115.fits Pleiades    5.81 3651.0  4558. 4.49   4.67   -0.07  0.03   0.00  0.06 -0.92 -0.09  173.5  0.000 10.270  0.000   0.0 0.000
./4259_Pleaides/aspcapStar-v304-2m03472083+2505124.fits Pleiades    6.22 3524.5  4029. 4.74    4.7    0.18  0.03    0.00 -0.24  0.07 -0.26  137.5  0.000 11.370  0.000   0.0 0.000
./4259_Pleaides/aspcapStar-v304-2m03473368+2441032.fits Pleiades    5.99 4441.3  4893. 4.39   4.65   -0.03  0.03   0.00  0.01 -0.38 -0.06  270.7  0.000 10.240  0.000   0.0 0.000
./4259_Pleaides/aspcapStar-v304-2m03473521+2532383.fits Pleiades   10.24 3727.4  4285. 4.24   4.68   -0.16  0.03  0.00  0.05 -0.83 -0.10  131.0  0.000 11.020  0.000   0.0 0.000
./4259_Pleaides/aspcapStar-v304-2m03473801+2328050.fits Pleiades    5.76 4041.1  4525. 4.43   4.67   -0.04  0.03   0.00 -0.22 -0.24 -0.25  219.3  0.000 10.540  0.000   0.0 0.000
./4259_Pleaides/aspcapStar-v304-2m03474098+2255480.fits Pleiades    5.70 3950.4  4688. 4.64   4.67    0.01  0.03   0.00 -0.18 -0.92 -0.33  292.8  0.000  9.510  0.000   0.0 0.000
./4259_Pleaides/aspcapStar-v304-2m03475973+2443528.fits Pleiades    3.55 3992.3  4392. 4.93   4.68   -0.14  0.03  0.00  0.04 -0.99 -0.17  239.6 10.952 10.320 10.159   0.0 0.000
./4259_Pleaides/aspcapStar-v304-2m03481018+2300041.fits Pleiades    6.66 3899.8  4368. 4.39   4.68   -0.02  0.03   0.00  0.05 -0.76 -0.08  141.2  0.000 11.170  0.000   0.0 0.000
./4259_Pleaides/aspcapStar-v304-2m03481099+2330253.fits Pleiades    5.40 3902.6  4396. 4.48   4.68   -0.04 0.03    0.00  0.03 -0.43 -0.05  179.8  0.000 10.870  0.000   0.0 0.000
./4259_Pleaides/aspcapStar-v304-2m03481729+2430159.fits Pleiades    5.27 3838.6  4236. 4.39   4.68   -0.04  0.03   0.00  0.05 -0.65 -0.07  189.1  0.000 10.860  0.000   0.0 0.000
./4259_Pleaides/aspcapStar-v304-2m03482277+2358212.fits Pleiades    2.54 3547.6  4129. 4.39   4.69   -0.19  0.03  0.00  0.07 -0.91 -0.09  160.5  0.000 10.760  0.000   0.0 0.000
./4259_Pleaides/aspcapStar-v304-2m03482604+2514411.fits Pleiades    4.29 3563.1  4206. 4.75   4.68    0.03  0.03   0.00  0.05  0.06 -0.06  115.1  0.000 11.330  0.000   0.0 0.000

