387
497
522
523
524
525
536
537
549
551
552
553
562
563
607
608
636
637
638
639
640
649
651
652
653
656
658
712
713
916
917
930
931
932
957
958
959
964
978
979
980
981
986
989
992
998
999
1005
1006
1028
1037
1038
1040
1066
1107
1109
1129
1264
1298
1371
1375
1376
1408
1409
1410
1411
1424
1425
1430
1431
1433
1434
1448
1450
1461
1462
1463
1464
1469
1519
1535
1536
1748
1754
1757
1773
1774
1780
1781
1843
1845
1847
1858
1966
1969
2008
2009
2026
2043
2044
2045
2046
2061
2062
2063
2064
2088
2100
2223
2224
2249
2250
2339
2373
2384
2385
2419
2420
2421
2422
2434
2448
2458
2463
2464
2469
2482
2483
2484
2485
2486
2493
2508
2529
2530
2570
2591
2605
2630
2642
2643
2666
2667
2668
2669
2671
2737
2738
2739
2740
2748
2937
2950
2951
2967
2997
3005
3006
3007
3012
3013
3014
3015
3016
3017
3034
3035
3040
3041
3042
3043
3072
3084
3085
3088
3102
3104
3105
3114
3115
3167
3172
3173
3708
3709
3710
3736
3737
3738
3769
3790
3791
3828
3837
3878
3910
3911
3963
3967
3987
3988
3989
4053
4080
4081
4091
4092
4093
4100
4157
4179
4199
4200
4285
4343
4351
4352
4353
4355
4367
4368
4369
4419
4431
4467
4468
4469
4470
4471
4472
4504
4505
4536
4537
4561
4562
4569
4575
4576
4582
4583
4594
4603
4614
4779
4780
4781
4791
4792
4861
4870
4877
4890
4891
4902
4926
4928
4929
4930
4931
4932
4933
4935
4954
4955
4956
4958
4962
4969
4970
4974
4975
4978
4982
4983
5000
5028
5029
5129
5145
5155
5211
5253
5270
5286
5378
5380
5423
5425
5430
5431
5432
5433
5434
5454
5460
5461
5495
5496
5499
5524
5525
5556
5570
5579
5580
5581
5582
5616
5618
5638
5639
5640
5641
5665
5666
5706
5732
5779
5811
5815
5816
5820
5823
5861
5865
5874
5897
5898
5929
5931
5933
5952
5953
5959
5960
5963
5964
5965
6465
6470
6472
6501
6502
6503
6504
6553
6557
6582
6609
6610
6623
6624
6632
6633
6634
6635
6657
6658
6665
6666
6674
6689
6690
6691
6699
6709
6719
6728
6739
6760
6766
6806
6807
6808
6818
6819
6821
6858
6859
6880
6884
6913
6920
7020
7021
7036
7038
7039
7040
7060
7077
7078
7146
7147
7149
7211
7212
7213
7228
7229
7231
7248
7249
7250
7279
7280
7281
7282
7345
7347
7348
7353
7355
7358
7363
7372
7373
7374
7438
7444
7454
7460
7461
7479
7552
7560
7562
7563
7588
7592
7596
7597
7612
7626
7651
7662
7690
7698
7700
7831
7832
7844
7846
7847
7850
7864
7865
7884
7922
7931
7945
8036
8037
8082
8097
8142
8144
8215
8229
