10.1
10.1
10.1
10.1
10.1
10.1
10.1
10.1
10.1
10.1
10.1
10.1
10.1
10.1
10.1
10.1
10.1
10.1
10.1
10.1
10.1
10.1
10.1
10.1
10.1
10.1
10.1
10.1
10.1
10.1
10.1
10.1
10.1
10.1
10.1
10.1
10.1
10.1
10.1
10.1
10.1
10.1
10.1
10.1
10.1
10.1
10.1
10.1
10.1
10.1
10.1
10.1
10.1
10.1
10.1
10.1
10.1
10.1
10.1
10.1
10.1
10.1
10.1
10.1
10.1
10.1
10.1
10.1
10.1
10.1
10.1
10.1
10.1
10.1
10.1
10.1
10.1
10.1
10.1
10.1
10.1
10.1
10.1
10.1
10.1
10.1
10.1
10.1
10.1
10.1
10.1
10.1
10.1
10.1
10.1
10.1
10.1
10.1
10.1
10.1
10.1
10.1
10.1
10.1
10.1
10.1
10.1
10.1
10.1
10.1
10.1
10.1
10.1
10.1
10.1
10.1
10.1
10.1
10.1
10.1
10.1
10.1
10.1
10.1
10.1
10.1
10.1
10.1
10.1
10.1
10.1
10.1
10.1
10.1
10.1
10.1
10.1
10.1
10.1
10.1
10.1
10.1
10.1
10.1
10.1
10.1
10.1
10.1
10.1
10.1
10.1
10.1
10.1
10.1
10.1
10.1
10.1
10.1
10.1
10.1
10.1
10.1
10.1
10.1
10.1
10.1
10.1
10.1
10.1
10.1
10.1
10.1
10.1
10.1
10.1
10.1
10.1
10.1
10.1
10.1
10.1
10.1
10.1
10.1
10.1
10.1
10.1
10.1
10.1
10.1
10.1
10.1
10.1
10.1
10.1
10.1
10.1
10.1
10.1
10.1
10.1
10.1
10.1
10.1
10.1
10.1
10.1
10.1
10.1
10.1
10.1
10.1
10.1
10.1
10.1
10.1
10.1
10.1
10.1
10.1
10.1
10.1
10.1
10.1
10.1
10.1
10.1
10.1
10.1
10.1
10.1
10.1
10.1
10.1
10.1
10.1
10.1
10.1
10.1
10.1
10.1
10.1
10.1
10.1
10.1
10.1
10.1
10.1
10.1
10.1
10.1
10.1
10.1
10.1
10.1
10.1
10.1
10.1
10.1
10.1
10.1
10.1
10.1
10.1
10.1
10.1
10.1
10.1
10.1
10.1
10.1
10.1
10.1
10.1
10.1
10.1
10.1
10.1
10.1
10.1
10.1
10.1
10.1
10.1
10.1
10.1
10.1
10.1
10.1
10.1
10.1
10.1
10.1
10.1
10.1
10.1
10.1
10.1
10.1
10.1
10.1
10.1
10.1
10.1
10.1
10.1
10.1
10.1
10.1
10.1
10.1
10.1
10.1
10.1
10.1
10.1
10.1
10.1
10.1
10.1
10.1
10.1
10.1
10.1
10.1
10.1
10.1
10.1
10.1
10.1
10.1
10.1
10.1
10.1
10.1
10.1
10.1
10.1
10.1
10.1
10.1
10.1
10.1
10.1
10.1
10.1
10.1
10.1
10.1
10.1
10.1
10.1
10.1
10.1
10.1
10.1
10.1
10.1
10.1
10.1
10.1
10.1
10.1
10.1
10.1
10.1
10.1
10.1
10.1
10.0
10.0
10.0
10.0
10.0
10.0
9.023
9.023
9.023
9.023
9.023
9.023
9.023
9.023
9.023
9.023
9.048
9.048
9.048
9.048
9.048
9.048
9.048
9.048
9.048
8.131
8.131
8.131
8.131
8.131
8.131
8.131
8.131
8.131
8.131
8.131
8.131
8.131
8.131
8.131
8.131
8.131
8.131
8.131
8.131
8.131
8.131
8.131
8.131
8.131
8.131
8.131
8.131
8.131
8.131
8.131
8.131
8.131
8.131
8.131
8.131
8.131
8.131
8.131
8.131
8.131
8.131
8.131
8.131
8.131
8.131
8.131
8.131
8.131
8.131
8.131
8.131
8.131
8.131
8.131
8.131
8.131
8.131
8.131
8.131
8.131
8.131
8.131
8.131
8.131
8.131
9.235
9.235
9.235
9.235
9.235
9.409
9.409
9.409
9.409
9.409
9.409
9.409
9.409
9.409
9.409
9.409
9.409
9.409
9.409
9.409
9.409
9.409
9.409
9.409
9.409
9.409
9.409
9.409
9.174
9.174
9.174
9.174
9.174
9.174
9.174
9.174
9.174
9.174
9.174
9.174
9.174
9.174
9.174
9.174
9.174
9.174
9.174
9.174
9.174
9.174
9.174
9.174
9.174
9.174
9.174
9.174
9.174
9.632
9.632
9.632
9.632
9.632
9.643
9.643
9.643
9.643
9.643
9.643
9.643
9.643
9.643
9.643
9.643
9.643
9.643
9.643
9.643
9.643
9.643
9.643
9.643
9.643
9.643
9.643
9.643
