15181.7557484
15204.8450962
15210.0975706
15210.3077074
15210.517847
15210.7279895
15213.0397489
15213.2499262
15215.7722811
15216.1927142
15216.4029351
15216.613159
15218.5053041
15218.715557
15227.9695597
15228.1799433
15234.0718651
15234.282333
15234.4928039
15234.7032776
15234.9137543
15236.8081751
15237.2291895
15237.439701
15237.6502155
15238.2817763
15238.7028314
15250.075718
15250.2864071
15293.1166087
15293.3278924
15296.0748458
15296.2861703
15296.4974978
15301.7816334
15301.9930367
15302.2044431
15303.2615184
15306.2217179
15306.4331826
15306.6446502
15306.8561208
15307.9135175
15308.5479906
15309.1824899
15310.4515676
15310.6630907
15311.9322911
15312.1438347
15316.7985339
15318.7031369
15318.914774
15319.3380571
15324.841802
15333.524802
15333.9484888
15338.1860007
15366.8198524
15374.0397636
15389.5528002
15390.4032819
15390.6159096
15397.4215488
15397.6342735
15397.8470012
15398.0597318
15400.8254969
15401.0382686
15402.1021714
15402.3149607
15402.7405483
15402.9533465
15405.9328299
15406.3585175
15408.7000092
15408.9128897
15409.1257732
15409.3386596
15410.4031358
15421.0519427
15424.4611147
15424.674213
15469.917584
15471.199986
15471.8412268
15475.261627
15475.4754271
15476.7582899
15476.9721107
15490.2347708
15490.6627878
15491.0908165
15493.445186
15516.5798254
15517.2229472
15525.5859559
15525.8004513
15529.4473262
15533.0950577
15533.3096568
15533.5242589
15533.7388639
15536.9582955
15537.172948
15537.3876034
15537.6022619
15542.7549539
15545.3319406
15571.7707018
15571.9858353
15577.3651376
15577.5803483
15596.7460169
15604.0739561
15606.445497
15606.6611095
15613.9937073
15614.2094241
15614.4251438
15614.6408666
15617.229772
15620.2507042
15622.4088706
15623.4880657
15623.7039136
15624.7831981
15627.5896868
15627.8055914
15628.021499
15628.2374096
15628.4533232
15629.9648017
15633.2041765
15637.7404292
15637.956474
15646.6007164
15651.1408563
15654.1683481
15659.5760401
15662.1723958
15662.3887782
15667.3663986
15667.5828528
15667.79931
15668.0157701
15668.4486994
15682.7420777
15682.9587443
15683.1754139
15683.3920864
15685.1255748
15726.1350174
15728.9597107
15729.1770158
15732.6543058
15739.1762969
15740.9159511
15741.1334214
15741.3508947
15742.4383062
15742.6557975
15742.8732919
15743.0907892
15743.3082895
15743.5257929
15747.2238095
15747.441367
15748.5291992
15748.7467747
15748.9643532
15749.1819347
15755.4931056
15758.1053643
15758.3230721
15758.9762134
15762.0245645
15762.4600913
15762.6778592
15764.6379061
15764.8557041
15776.1853488
15777.2751668
15777.4931394
15894.5413314
15894.7609241
15894.9805199
15900.6910745
15900.9107521
15901.1304329
15907.9420407
15912.5580134
15912.7778551
15920.914131
15922.8938541
15931.9157082
15938.960707
15939.1809134
15950.6358395
15951.5173286
15955.9255047
15956.1459454
15956.3663893
15970.4811307
15976.4395314
15976.6602556
15978.8676653
15979.088423
15979.3091838
15980.8545947
15993.4442201
15998.306026
16002.7271321
16002.9482195
16021.7518145
16034.5951831
16036.36749
16036.5890421
16036.8105973
16037.2537169
16039.9126914
16040.1342926
16040.3558967
16051.4400099
16054.1013366
16062.0879644
16062.3098718
16062.5317824
16062.753696
16062.9756127
16063.1975324
16070.3005832
16070.5226042
16077.406775
16077.6288941
16082.9606736
16083.1828694
16084.7383263
16086.0716948
16086.2939337
16087.6274311
16087.8496914
16090.2947576
16092.2955428
16094.7412847
16131.47205
16131.694916
16131.9177852
16134.146646
16134.369549
16149.7572963
16151.7654754
16153.3275652
16156.2289898
16156.4521979
16158.9076904
16164.2664242
16164.7130656
16164.9363909
16165.1597193
16165.3830508
16165.6063853
16165.829723
16166.2764075
16170.5205264
16170.743932
16170.9673406
16171.4141671
16172.3078572
16173.8719336
16174.0953855
16174.9892237
16175.212691
16175.8831113
16176.7770484
16177.0005404
16180.8003764
16187.0608758
16187.2845098
16209.6635251
16213.2470376
16215.4871352
16228.0374026
16237.4564771
16241.2705138
16244.8610137
16265.5217976
16265.9712368
16275.6371836
16276.0869023
16277.2112534
16277.4361329
16277.6610156
16277.8859013
16278.1107902
16282.6092199
16283.9589912
16284.1839639
16291.8348874
16292.059969
16292.7352324
16298.3635157
16298.5886875
16305.5705555
16308.7246375
16310.7525838
16310.9779267
16311.2032727
16311.4286219
16319.092346
16319.5432654
16324.0531449
16324.2786716
16324.5042014
16324.7297343
16330.1434592
16330.36907
16339.3960595
16345.2662783
16355.8831802
16363.1156548
16364.019939
16364.2460179
16365.1503645
16365.8286573
16374.4227996
16375.3277086
16377.3639368
16382.5687816
16382.7951167
16389.8130564
16390.26593
16390.718816
16395.0218576
16395.2483647
16396.6074734
16396.8340025
16397.5136085
16397.7401501
16397.9666948
16511.6319698
16512.7725923
16513.2288633
16519.8462108
16520.0744425
16520.3026773
16520.5309153
16531.7184406
16532.6320423
16538.3431974
16544.5134608
16544.7420333
16547.7137629
16547.9423796
16549.7714268
16550.000072
16550.2287202
16550.4573717
16555.4885026
16555.7172267
16557.318384
16557.5471333
16559.3772422
16562.8092416
16563.0380668
16563.2668952
16565.0976363
16567.3863472
16569.6753744
16571.7357692
16574.2543774
16579.0636926
16580.4380389
16589.6032598
16589.8324552
16590.0616538
16592.3538139
16592.5830473
16593.0415236
16601.5256215
16601.7549816
16606.5722765
16607.490015
16614.1451357
16615.7519437
16638.7233178
16638.9531918
16642.4016836
16642.8615365
16643.0914677
16643.3214021
16647.9207572
16651.8312083
16652.0612634
16667.7124716
16667.9427461
16668.4033048
16682.6869364
16682.9174179
16683.1479025
16686.6055538
16686.8360894
16687.2971701
16691.2168704
16691.4474696
16691.6780721
16698.3669296
16698.5976276
16698.8283289
16699.0590333
16713.59984
16714.0616602
16714.2925751
16715.4471974
16715.9090687
16716.6018995
16717.7566813
16719.8354897
16720.0664843
16720.2974822
16735.0879846
16736.4752648
16738.7876541
16740.1752409
16740.4065166
16744.570025
16761.4659829
16763.3186309
16763.7818249
16764.0134267
16769.8045119
16770.7312711
16771.6580816
16771.8897922
16775.3658357
16778.6107929
16784.4069207
16786.9578512
16793.4528784
16795.3090619
16795.7731399
16826.1981894
16826.4306535
16829.2204736
16829.6854885
16829.9180008
16830.615557
16833.8712015
16834.1037716
16838.5232147
16847.3655818
16849.4605066
16852.7197964
16873.920553
16874.1536765
16884.6475653
16888.1469783
16898.6495694
16899.1165028
16915.7009999
16918.973103
