# 2MASS_ID AlphaFe AlphaFe_err M/H Fe/H Fe/H_err Teff Teff_err seismic_logg seismic_logg_err max_age
J18540578+4520474   0.165  0.04   -0.323  -0.300 0.03  4187   91  1.55    0.02     4.2 
J18553092+4042447   0.185  0.05   -0.326  -0.292 0.04  4898   91  2.50    0.02     2.7 
J19024305+3854594   0.132  0.04   0.109  0.050 0.03  4679   91  2.47    0.01     5.0 
J19032243+4547495   0.201  0.05   -0.109  -0.113 0.03  4807   91  2.30    0.02     2.1 
J19052572+4437508   0.144  0.04   0.104  0.065 0.03  4492   91  2.33    0.01     5.9 
J19052620+4921373   0.156  0.04   -0.057  -0.069 0.03  4767   91  2.46    0.02     4.5 
J19081716+3924583   0.208  0.05   -0.099  -0.126 0.03  4824   91  3.06    0.01     3.0 
J19083615+4641212   0.262  0.05   -0.291  -0.257 0.04  4780   91  2.71    0.01     2.6 
J19093801+4635253   0.165  0.04   -0.168  -0.153 0.03  4425   91  1.85    0.01     4.3 
J19093999+4913392   0.197  0.05   -0.442  -0.384 0.04  4835   91  2.50    0.01     4.0 
J19101154+3914584   0.224  0.05   -0.240  -0.228 0.04  4800   91  2.50    0.01     3.1 
J19102133+4743193   0.192  0.05   -0.175  -0.178 0.03  4768   91  2.49    0.01     4.7 
J19374569+3835356   0.152  0.04   0.008  -0.022 0.03  4609   91  2.57    0.01     4.4 
J19455292+5002304   0.193  0.05   -0.396  -0.359 0.04  4893   91  2.53    0.01     3.1 
