12.75
12.75
12.75
12.75
12.75
12.75
12.75
12.75
12.75
12.75
12.75
12.75
12.75
12.75
12.75
12.75
12.75
12.75
12.75
12.75
12.75
12.75
12.75
12.75
12.75
12.75
12.75
12.75
12.75
12.75
12.75
12.75
12.75
12.75
12.75
12.75
12.75
12.75
12.75
12.75
12.75
12.75
12.75
12.75
12.75
12.75
12.75
12.75
12.75
12.75
12.75
12.75
12.75
12.75
12.75
12.75
12.75
12.75
12.75
12.25
12.25
12.25
12.25
12.25
12.25
12.25
12.25
12.25
12.25
12.25
12.25
12.25
12.25
12.25
12.25
12.5
12.5
12.5
12.5
12.5
12.5
12.5
12.5
12.25
12.25
12.25
12.0
12.0
12.0
12.0
12.0
12.0
12.0
12.0
12.0
12.0
12.0
12.0
12.0
12.0
12.0
12.0
12.0
12.0
12.0
12.0
12.0
12.0
12.0
12.0
12.0
12.0
12.0
12.0
12.0
12.0
12.0
12.0
12.0
12.0
12.0
12.0
12.0
12.0
12.0
12.0
12.0
12.0
12.0
12.0
12.0
12.0
12.0
12.0
12.0
12.0
12.0
12.0
12.0
12.0
12.0
12.0
12.0
12.0
12.0
12.0
12.0
12.0
12.0
12.0
12.0
12.0
12.0
12.0
12.0
12.0
12.0
11.75
11.75
11.75
11.75
11.75
11.75
11.75
11.75
11.75
11.75
11.75
11.75
11.75
11.75
11.75
11.75
11.75
11.75
11.75
11.75
11.75
11.75
11.75
11.75
11.75
11.75
11.75
11.75
11.75
11.75
11.75
11.75
11.75
11.75
11.75
11.75
11.75
11.75
11.75
11.75
11.75
11.75
11.75
11.75
11.75
11.75
11.75
11.75
11.75
11.75
11.75
11.75
11.75
11.75
11.75
11.75
11.75
11.75
11.75
11.75
11.75
11.75
11.75
11.75
11.75
11.75
11.75
11.75
11.75
11.75
11.75
11.75
11.75
11.75
11.75
11.75
11.75
11.75
11.75
11.75
11.75
11.75
11.75
11.75
11.75
11.75
11.75
11.75
11.75
11.75
11.75
11.5
11.5
11.5
11.5
11.5
11.5
11.5
11.5
11.5
11.5
11.5
11.5
11.5
11.5
11.5
11.5
11.5
11.5
11.5
11.5
11.5
11.5
11.5
11.5
11.5
11.5
11.5
11.5
11.5
11.5
11.5
11.5
11.5
11.5
11.5
11.5
11.5
11.5
11.5
11.5
11.5
11.5
11.5
11.5
11.5
11.5
11.5
11.5
11.5
11.5
11.5
11.5
11.5
11.5
11.5
11.5
11.5
11.5
11.5
11.5
11.5
11.5
11.5
11.5
11.5
11.5
11.5
11.5
11.5
11.5
11.5
11.5
11.5
11.5
11.5
11.5
11.5
11.5
11.5
11.5
11.5
11.5
11.5
11.5
11.5
11.5
11.5
11.5
11.5
11.5
11.5
11.5
11.5
11.5
11.5
11.5
11.5
11.5
11.5
11.5
11.5
11.5
11.5
12.0
12.0
12.0
12.0
12.0
12.0
12.0
12.0
12.0
12.0
12.0
12.0
12.0
12.0
12.0
12.0
12.0
12.0
11.0
11.0
11.0
11.0
11.0
11.0
1.054
1.054
1.054
1.054
1.054
1.054
1.054
1.054
1.054
1.054
1.117
1.117
1.117
1.117
1.117
1.117
1.117
1.117
1.117
0.1352
0.1352
0.1352
0.1352
0.1352
0.1352
0.1352
0.1352
0.1352
0.1352
0.1352
0.1352
0.1352
0.1352
0.1352
0.1352
0.1352
0.1352
0.1352
0.1352
0.1352
0.1352
0.1352
0.1352
0.1352
0.1352
0.1352
0.1352
0.1352
0.1352
0.1352
0.1352
0.1352
0.1352
0.1352
0.1352
0.1352
0.1352
0.1352
0.1352
0.1352
0.1352
0.1352
0.1352
0.1352
0.1352
0.1352
0.1352
0.1352
0.1352
0.1352
0.1352
0.1352
0.1352
0.1352
0.1352
0.1352
0.1352
0.1352
0.1352
0.1352
0.1352
0.1352
0.1352
0.1352
0.1352
0.1352
0.1352
0.1352
0.1352
0.1352
0.1352
0.1352
0.1352
1.718
1.718
1.718
1.718
1.718
2.564
2.564
2.564
2.564
2.564
2.564
2.564
2.564
2.564
2.564
2.564
2.564
2.564
2.564
2.564
2.564
2.564
2.564
2.564
2.564
2.564
2.564
2.564
1.493
1.493
1.493
1.493
1.493
1.493
1.493
1.493
1.493
1.493
1.493
1.493
1.493
1.493
1.493
1.493
1.493
1.493
1.493
1.493
1.493
1.493
1.493
1.493
1.493
1.493
1.493
1.493
1.493
4.285
4.285
4.285
4.285
4.285
4.395
4.395
4.395
4.395
4.395
4.395
4.395
4.395
4.395
4.395
4.395
4.395
4.395
4.395
4.395
4.395
4.395
4.395
4.395
4.395
4.395
4.395
4.395
